#ifndef NTT_PARAM_7681
#define NTT_PARAM_7681

#include <avr/pgmspace.h>
#include "param_256_7681.h"


#define ninv 7651

#define PSI_VAL 62
#define INVPSI_VAL 1115
#define INVN_VAL 7651


/*
static const uint16_t psi_7681_256[paramN] PROGMEM = {
 1, 62, 3844, 217, 5773, 4600, 1003, 738, 7351, 2583, 6526, 5200, 7479, 2838, 6974, 2252, 1366, 201, 4781, 4544, 5212, 542, 2880, 1897, 2399, 2799, 4556, 5956,
 584, 5484, 2044, 3832, 7154, 5731, 1996, 856, 6986, 2996, 1408, 2805, 4928, 5977, 1886, 1717, 6601, 2169, 3901, 3751, 2132, 1607, 7462, 1784, 3074, 6244, 3078, 6492,
 3092, 7360, 3141, 2717, 7153, 5669, 5833, 639, 1213, 6077, 405, 2067, 5258, 3394, 3041, 4198, 6803, 7012, 4608, 1499, 766, 1406, 2681, 4921, 5543, 5702, 198, 4595,
 693, 4561, 6266, 4442, 6569, 185, 3789, 4488, 1740, 346, 6090, 1211, 5953, 398, 1633, 1393, 1875, 1035, 2722, 7463, 1846, 6918, 6461, 1170, 3411, 4095, 417, 2811,
 5300, 5998, 3188, 5631, 3477, 506, 648, 1771, 2268, 2358, 257, 572, 4740, 2002, 1228, 7007, 4298, 5322, 7362, 3265, 2724, 7587, 1853, 7352, 2645, 2689, 5417, 5571,
 7438, 296, 2990, 1036, 2784, 3626, 2063, 5010, 3380, 2173, 4149, 3765, 3000, 1656, 2819, 5796, 6026, 4924, 5729, 1872, 849, 6552, 6812, 7570, 799, 3452, 6637, 4401,
 4027, 3882, 2573, 5906, 5165, 5309, 6556, 7060, 7584, 1667, 3501, 1994, 732, 6979, 2562, 5224, 1286, 2922, 4501, 2546, 4232, 1230, 7131, 4305, 5756, 3546, 4784, 4730,
 1382, 1193, 4837, 335, 5408, 5013, 3566, 6024, 4800, 5722, 1438, 4665, 5033, 4806, 6094, 1459, 5967, 1266, 1682, 4431, 5887, 3987, 1402, 2433, 4907, 4675, 5653, 4841,
 583, 5422, 5881, 3615, 1381, 1131, 993, 118, 7316, 413, 2563, 5286, 5130, 3139, 2593, 7146, 5235, 1968, 6801, 6888, 4601, 1065, 4582, 7568, 675, 3445, 6203, 536,
 2508, 1876, 1097, 6566};

static const uint16_t invpsis_7681_256[paramN] PROGMEM = {7651, 4955, 2186, 2513, 6111, 718, 1746, 3497, 4888, 4291, 6883, 1226, 7453, 6934, 4324, 5273, 3430, 6993, 980, 1998, 280, 4960, 80, 4709, 4412, 3540, 6747, 3206, 3025, 916, 7448, 1359, 2128, 6972, 608, 1992, 1271, 3861, 3655, 4395, 7628, 2353, 4374, 7256, 2347, 5365, 6157, 5922, 5051, 1692, 4735, 2678, 5742, 4057, 7127, 4451, 939, 2369, 6852, 5066, 3055, 3642, 5262, 6527, 3698, 6254, 6543, 6176, 4064, 7251, 4453, 3169, 175, 3100, 50, 1983, 6598, 6053, 5177, 3924, 4771, 4413, 4655, 5650, 1330, 517, 380, 1245, 5595, 1453, 7085, 3707, 927, 4351, 4654, 4535, 2427, 2393, 2888, 1781, 4117, 4898, 79, 3594, 5509, 5416, 1574, 3742, 1547, 4361, 442, 1246, 6710, 356, 5209, 1199, 391, 5829, 1209, 3860, 2540, 5492, 1823, 4861, 4910, 5778, 5792, 6040, 6044, 2823, 6116, 6293, 3942, 1798, 29, 1611, 6592, 7044, 4078, 7499, 4457, 7629, 3468, 3277, 5380, 7520, 4829, 7635, 2477, 4376, 1805, 153, 1613, 1141, 4850, 326, 2483, 3385, 2904, 4259, 1927, 5606, 6037, 2699, 6114, 4063, 6136, 5550, 5045, 2683, 3636, 6253, 5428, 7273, 5940, 2078, 4989, 1691, 3620, 3775, 7618, 6565, 7663, 2973, 4384, 3044, 6739, 1967, 4120, 562, 4469, 5647, 5666, 3808, 6008, 1088, 7203, 4700, 2058, 5732, 588, 2735, 168, 2976, 48, 7434, 1111, 2124, 2512, 4996, 1815, 3622, 6005, 5424, 2813, 2647, 1901, 7340, 3835, 5389, 2193, 2637, 6113, 2948, 7233, 7426, 7553, 3219, 2158, 2017, 6103, 7160, 2841, 3143, 1909, 898, 2740, 5743, 5172, 6030, 2575, 6112, 1833, 649, 1621, 2380, 3755, 680, 5462, 6778, 7047, 7423, 4208, 6510, 105, 1860};
*/
/*
static const uint16_t omegas_7681_256[paramN/2] PROGMEM = {
 1, 3844, 5773, 1003, 7351, 6526, 7479, 6974, 1366, 4781, 5212, 2880, 2399, 4556, 584, 2044, 7154, 1996, 6986, 1408, 4928, 1886, 6601, 3901, 2132, 7462, 3074, 3078, 3092, 3141, 7153, 5833, 1213, 405, 5258, 3041, 6803, 4608, 766, 2681, 5543, 198, 693, 6266, 6569, 3789, 1740, 6090, 5953, 1633, 1875, 2722, 1846, 6461, 3411, 417, 5300, 3188, 3477, 648, 2268, 257, 4740, 1228, 4298, 7362, 2724, 1853, 2645, 5417, 7438, 2990, 2784, 2063, 3380, 4149, 3000, 2819, 6026, 5729, 849, 6812, 799, 6637, 4027, 2573, 5165, 6556, 7584, 3501, 732, 2562, 1286, 4501, 4232, 7131, 5756, 4784, 1382, 4837, 5408, 3566, 4800, 1438, 5033, 6094, 5967, 1682, 5887, 1402, 4907, 5653, 583, 5881, 1381, 993, 7316, 2563, 5130, 2593, 5235, 6801, 4601, 4582, 675, 6203, 2508, 1097};

static const uint16_t invomegas_7681_256[paramN/2] PROGMEM = {1, 6584, 5173, 1478, 7006, 3099, 3080, 880, 2446, 5088, 2551, 5118, 365, 6688, 6300, 1800, 7098, 2028, 2774, 6279, 1794, 5999, 1714, 1587, 2648, 6243, 2881, 4115, 2273, 2844, 6299, 2897, 1925, 550, 3449, 3180, 6395, 5119, 6949, 4180, 97, 1125, 2516, 5108, 3654, 1044, 6882, 869, 6832, 1952, 1655, 4862, 4681, 3532, 4301, 5618, 4897, 4691, 243, 2264, 5036, 5828, 4957, 319, 3383, 6453, 2941, 7424, 5413, 7033, 4204, 4493, 2381, 7264, 4270, 1220, 5835, 4959, 5806, 6048, 1728, 1591, 5941, 3892, 1112, 1415, 6988, 7483, 2138, 5000, 6915, 3073, 878, 4640, 2423, 7276, 6468, 1848, 528, 4540, 4589, 4603, 4607, 219, 5549, 3780, 1080, 5795, 2753, 6273, 695, 5685, 527, 5637, 7097, 3125, 5282, 4801, 2469, 2900, 6315, 707, 202, 1155, 330, 6678, 1908, 3837};
*/
/*
static const uint16_t bitrev_omegas_7681_256[paramN/2] PROGMEM = {
1, 4298, 1213, 5756, 7154, 849, 5953, 583, 1366, 2784, 5543, 5033, 2132, 7584, 5300, 5235, 7351, 2645, 6803, 5408, 4928, 4027, 1846, 7316, 2399, 3000, 6569, 5887, 3092, 1286, 2268, 675, 5773, 2724, 5258, 1382, 6986, 799, 1875, 1381, 5212, 3380, 693, 5967, 3074, 732, 3477, 4601, 7479, 7438, 766, 4800, 6601, 5165, 3411, 5130, 584, 6026, 1740, 4907, 7153, 4232, 4740, 2508, 3844, 7362, 405, 4784, 1996, 6812, 1633, 5881, 4781, 2063, 198, 6094, 7462, 3501, 3188, 6801, 6526, 5417, 4608, 3566, 1886, 2573, 6461, 2563, 4556, 2819, 3789, 1402, 3141, 4501, 257, 6203, 1003, 1853, 3041, 4837, 1408, 6637, 2722, 993, 2880, 4149, 6266, 1682, 3078, 2562, 648, 4582, 6974, 2990, 2681, 1438, 3901, 6556, 417, 2593, 2044, 5729, 6090, 5653, 5833, 7131, 1228, 1097
};

static const uint16_t bitrev_invomegas_7681_256[paramN/2] PROGMEM = {
1, 3383, 1925, 6468, 7098, 1728, 6832, 527, 2446, 2381, 97, 5549, 2648, 2138, 4897, 6315, 7006, 5413, 6395, 4589, 1794, 1112, 4681, 5282, 365, 5835, 3654, 2753, 2273, 878, 5036, 330, 5173, 2941, 3449, 528, 2774, 5941, 1655, 7097, 2551, 4270, 2516, 1080, 2881, 6915, 243, 202, 3080, 4204, 6949, 4607, 1714, 6988, 4301, 2469, 6300, 5806, 6882, 695, 6299, 2423, 4957, 1908, 6584, 6453, 550, 1848, 2028, 1591, 1952, 5637, 5088, 7264, 1125, 3780, 6243, 5000, 4691, 707, 3099, 7033, 5119, 4603, 5999, 1415, 3532, 4801, 6688, 4959, 1044, 6273, 2844, 4640, 5828, 6678, 1478, 7424, 3180, 4540, 6279, 3892, 4862, 3125, 5118, 1220, 5108, 5795, 4115, 3073, 2264, 1155, 880, 4493, 4180, 219, 1587, 7483, 5618, 2900, 1800, 6048, 869, 5685, 2897, 7276, 319, 3837
};
'*/

static const uint16_t psibitrev_7681_256[paramN] PROGMEM = {
1, 4298, 1213, 5756, 7154, 849, 5953, 583, 1366, 2784, 5543, 5033, 2132, 7584, 5300, 5235, 7351, 2645, 6803, 5408, 4928, 4027, 1846, 7316, 2399, 3000, 6569, 5887, 3092, 1286, 2268, 675, 5773, 2724, 5258, 1382, 6986, 799, 1875, 1381, 5212, 3380, 693, 5967, 3074, 732, 3477, 4601, 7479, 7438, 766, 4800, 6601, 5165, 3411, 5130, 584, 6026, 1740, 4907, 7153, 4232, 4740, 2508, 3844, 7362, 405, 4784, 1996, 6812, 1633, 5881, 4781, 2063, 198, 6094, 7462, 3501, 3188, 6801, 6526, 5417, 4608, 3566, 1886, 2573, 6461, 2563, 4556, 2819, 3789, 1402, 3141, 4501, 257, 6203, 1003, 1853, 3041, 4837, 1408, 6637, 2722, 993, 2880, 4149, 6266, 1682, 3078, 2562, 648, 4582, 6974, 2990, 2681, 1438, 3901, 6556, 417, 2593, 2044, 5729, 6090, 5653, 5833, 7131, 1228, 1097, 62, 5322, 6077, 3546, 5731, 6552, 398, 5422, 201, 3626, 5702, 4806, 1607, 1667, 5998, 1968, 2583, 2689, 7012, 5013, 5977, 3882, 6918, 413, 2799, 1656, 185, 3987, 7360, 2922, 2358, 3445, 4600, 7587, 3394, 1193, 2996, 3452, 1035, 1131, 542, 2173, 4561, 1266, 6244, 6979, 506, 1065, 2838, 296, 1406, 5722, 2169, 5309, 4095, 3139, 5484, 4924, 346, 4675, 5669, 1230, 2002, 1876, 217, 3265, 2067, 4730, 856, 7570, 1393, 3615, 4544, 5010, 4595, 1459, 1784, 1994, 5631, 6888, 5200, 5571, 1499, 6024, 1717, 5906, 1170, 5286, 5956, 5796, 4488, 2433, 2717, 2546, 572, 536, 738, 7352, 4198, 335, 2805, 4401, 7463, 118, 1897, 3765, 4442, 4431, 6492, 5224, 1771, 7568, 2252, 1036, 4921, 4665, 3751, 7060, 2811, 7146, 3832, 1872, 1211, 4841, 639, 4305, 7007, 6566
};

static const uint16_t omegainvbitrev_7681_256[paramN] PROGMEM = {
1, 3383, 1925, 6468, 7098, 1728, 6832, 527, 2446, 2381, 97, 5549, 2648, 2138, 4897, 6315, 7006, 5413, 6395, 4589, 1794, 1112, 4681, 5282, 365, 5835, 3654, 2753, 2273, 878, 5036, 330, 5173, 2941, 3449, 528, 2774, 5941, 1655, 7097, 2551, 4270, 2516, 1080, 2881, 6915, 243, 202, 3080, 4204, 6949, 4607, 1714, 6988, 4301, 2469, 6300, 5806, 6882, 695, 6299, 2423, 4957, 1908, 6584, 6453, 550, 1848, 2028, 1591, 1952, 5637, 5088, 7264, 1125, 3780, 6243, 5000, 4691, 707, 3099, 7033, 5119, 4603, 5999, 1415, 3532, 4801, 6688, 4959, 1044, 6273, 2844, 4640, 5828, 6678, 1478, 7424, 3180, 4540, 6279, 3892, 4862, 3125, 5118, 1220, 5108, 5795, 4115, 3073, 2264, 1155, 880, 4493, 4180, 219, 1587, 7483, 5618, 2900, 1800, 6048, 869, 5685, 2897, 7276, 319, 3837, 1115, 674, 3376, 7042, 2840, 6470, 5809, 3849, 535, 4870, 621, 3930, 3016, 2760, 6645, 5429, 113, 5910, 2457, 1189, 3250, 3239, 3916, 5784, 7563, 218, 3280, 4876, 7346, 3483, 329, 6943, 7145, 7109, 5135, 4964, 5248, 3193, 1885, 1725, 2395, 6511, 1775, 5964, 1657, 6182, 2110, 2481, 793, 2050, 5687, 5897, 6222, 3086, 2671, 3137, 4066, 6288, 111, 6825, 2951, 5614, 4416, 7464, 5805, 5679, 6451, 2012, 3006, 7335, 2757, 2197, 4542, 3586, 2372, 5512, 1959, 6275, 7385, 4843, 6616, 7175, 702, 1437, 6415, 3120, 5508, 7139, 6550, 6646, 4229, 4685, 6488, 4287, 94, 3081, 4236, 5323, 4759, 321, 3694, 7496, 6025, 4882, 7268, 763, 3799, 1704, 2668, 669, 4992, 5098, 5713, 1683, 6014, 6074, 2875, 1979, 4055, 7480, 2259, 7283, 1129, 1950, 4135, 1604, 2359, 7619
};

static const uint16_t omegamultiples_7681_256[16] PROGMEM = {0, 4298, 915, 5213, 1830, 6128, 2745, 7043, 3660, 277, 4575, 1192, 5490, 2107, 6405, 3022};
#endif
