#ifndef NTT_PARAM_12289
#include <avr/pgmspace.h>

#include "param_12289_512.h"

#define NTT_PARAM_12289

#define PSI_VAL 49
#define INVPSI_VAL 1254
#define INVN_VAL 12265

#define ninv 12265

/*
static const uint16_t psi_12289_512[paramN] PROGMEM = {1, 49, 2401, 7048, 1260, 295, 2166, 7822, 2319, 3030, 1002, 12231, 9447, 8210, 9042, 654, 7468, 9551, 1017, 677, 8595, 3329, 3364, 5079, 3091, 3991, 11224, 9260,
 11336, 2459, 9890, 5339, 3542, 1512, 354, 5057, 2013, 325, 3636, 6118, 4846, 3963, 9852, 3477, 10616, 4046, 1630, 6136, 5728, 10314, 1537, 1579, 3637, 6167, 7247, 11011,
 11112, 3772, 493, 11868, 3949, 9166, 6730, 10256, 10984, 9789, 390, 6821, 2426, 8273, 12129, 4449, 9088, 2908, 7313, 1956, 9821, 1958, 9919, 6760, 11726, 9280, 27, 1323,
 3382, 5961, 9442, 7965, 9326, 2281, 1168, 8076, 2476, 10723, 9289, 468, 10643, 5369, 5012, 12097, 2881, 5990, 10863, 3860, 4805, 1954, 9723, 9445, 8112, 4240, 11136, 4948,
 8961, 8974, 9611, 3957, 9558, 1360, 5195, 8775, 12149, 5429, 7952, 8689, 7935, 7856, 3985, 10930, 7143, 5915, 7188, 8120, 4632, 5766, 12176, 6752, 11334, 2361, 5088, 3532,
 1022, 922, 8311, 1702, 9664, 6554, 1632, 6234, 10530, 12121, 4057, 2169, 7969, 9522, 11885, 4782, 827, 3656, 7098, 3710, 9744, 10474, 9377, 4780, 729, 11143, 5291, 1190,
 9154, 6142, 6022, 142, 6958, 9139, 5407, 6874, 5023, 347, 4714, 9784, 145, 7105, 4053, 1973, 10654, 5908, 6845, 3602, 4452, 9235, 10111, 3879, 5736, 10706, 8456, 8807,
 1428, 8527, 12286, 12142, 5086, 3434, 8509, 11404, 5791, 1112, 5332, 3199, 9283, 174, 8526, 12237, 9741, 10327, 2174, 8214, 9238, 10258, 11082, 2302, 2197, 9341, 3016, 316,
 3195, 9087, 2859, 4912, 7197, 8561, 1663, 7753, 11227, 9407, 6250, 11314, 1381, 6224, 10040, 400, 7311, 1858, 5019, 151, 7399, 6170, 7394, 5925, 7678, 7552, 1378, 6077,
 2837, 3834, 3531, 973, 10810, 1263, 442, 9369, 4388, 6099, 3915, 7500, 11119, 4115, 5011, 12048, 480, 11231, 9603, 3565, 2639, 6421, 7404, 6415, 7110, 4298, 1689, 9027,
 12208, 8320, 2143, 6695, 8541, 683, 8889, 5446, 8785, 350, 4861, 4698, 9000, 10885, 4938, 8471, 9542, 576, 3646, 6608, 4278, 709, 10163, 6427, 7698, 8532, 242, 11858,
 3459, 9734, 9984, 9945, 8034, 418, 8193, 8209, 8993, 10542, 420, 8291, 722, 10800, 773, 1010, 334, 4077, 3149, 6833, 3014, 218, 10682, 7280, 339, 4322, 2865, 5206,
 9314, 1693, 9223, 9523, 11934, 7183, 7875, 4916, 7393, 5876, 5277, 504, 118, 5782, 671, 8301, 1212, 10232, 9808, 1321, 3284, 1159, 7635, 5445, 8736, 10238, 10102, 3438,
 8705, 8719, 9405, 6152, 6512, 11863, 3704, 9450, 8357, 3956, 9509, 11248, 10436, 7515, 11854, 3263, 130, 6370, 4905, 6854, 4043, 1483, 11222, 9162, 6534, 652, 7370, 4749,
 11499, 10446, 8005, 11286, 9, 441, 9320, 1987, 11340, 2655, 7205, 8953, 8582, 2692, 9018, 11767, 11289, 156, 7644, 5886, 5767, 12225, 9153, 6093, 3621, 5383, 5698, 8844,
 3241, 11341, 2704, 9606, 3712, 9842, 2987, 11184, 7300, 1319, 3186, 8646, 5828, 2925, 8146, 5906, 6747, 11089, 2645, 6715, 9521, 11836, 2381, 6068, 2396, 6803, 1544, 1922,
 8155, 6347, 3778, 787, 1696, 9370, 4437, 8500, 10963, 8760, 11414, 6281, 544, 2078, 3510, 12233, 9545, 723, 10849, 3174, 8058, 1594, 4372, 5315, 2366, 5333, 3248, 11684,
 7222, 9786, 243, 11907, 5860, 4493, 11244, 10240, 10200, 8240, 10512, 11239, 9995, 10484, 9867, 4212, 9764, 11454, 8241, 10561, 1351, 4754, 11744, 10162, 6378, 5297, 1484, 11271,
 11563, 1293, 1912, 7665, 6915, 7032, 476, 11035};

static const uint16_t invpsis_12289_512[paramN] PROGMEM = { 12265, 6771, 11424, 9011, 6203, 11914, 9021, 6454, 7154, 146, 11038, 4238, 5604, 10397, 11498, 3495, 7846, 7684, 1160, 4538, 845, 2776, 3317, 5836, 6389, 11667, 6508, 1136,
 11309, 12269, 11787, 9520, 5461, 3121, 5832, 1373, 1282, 10058, 4218, 5102, 7628, 4670, 6616, 1389, 9057, 2442, 2307, 5063, 7878, 10945, 10506, 716, 767, 3276, 3578, 1327,
 5043, 7376, 8176, 3678, 3837, 6599, 4649, 4860, 11385, 9261, 189, 3515, 8348, 10453, 7988, 1417, 7302, 1403, 2035, 8067, 2171, 6565, 11169, 8755, 4693, 10880, 2730, 7078,
 3154, 10347, 10243, 2717, 3065, 9342, 3451, 1826, 4050, 3343, 1573, 6302, 881, 11053, 10759, 10753, 3229, 6085, 11410, 3744, 578, 12050, 7519, 3163, 9344, 5959, 874, 2275,
 1802, 10821, 2478, 10584, 216, 506, 7785, 4924, 5618, 3375, 4834, 3359, 9348, 10975, 11259, 11014, 11009, 4739, 7119, 5412, 3120, 4578, 1849, 8314, 4684, 11883, 7014, 8921,
 3944, 5598, 2873, 2065, 8820, 180, 4518, 343, 7, 8778, 8957, 12221, 751, 7790, 11194, 3238, 5082, 7126, 1901, 12077, 4510, 2600, 3815, 3589, 2832, 12096, 3758, 5845,
 5386, 7383, 4665, 346, 3769, 7350, 150, 3765, 2334, 2054, 7315, 5416, 8136, 2674, 10588, 5232, 10891, 4235, 1842, 11825, 8016, 11951, 6263, 1131, 5039, 2360, 10080, 7228,
 6919, 392, 8, 10032, 8481, 5189, 6125, 125, 9282, 1945, 5808, 8144, 417, 6780, 10421, 4727, 4360, 11124, 1481, 1535, 7806, 6680, 7911, 3171, 7087, 2151, 6063, 8400,
 1927, 7814, 4423, 4103, 8360, 923, 2276, 3056, 10345, 7735, 3669, 4840, 10883, 6492, 5650, 6636, 1891, 11826, 9270, 11475, 11520, 6505, 9663, 448, 8787, 7954, 7937, 11197,
 7000, 3654, 10608, 5734, 1371, 11063, 11010, 5993, 6643, 10669, 8494, 9202, 12226, 7021, 5410, 612, 5530, 3624, 9855, 7725, 3418, 9600, 7469, 1908, 8566, 1178, 2532, 4566,
 11379, 1737, 3045, 8840, 682, 7287, 7171, 9175, 2946, 7584, 10939, 2982, 3572, 6092, 7899, 412, 510, 512, 3020, 2068, 293, 11041, 8000, 4176, 1590, 3042, 5078, 2110,
 3805, 3338, 7592, 8682, 11463, 8761, 12217, 8024, 9694, 2455, 6320, 11164, 2485, 7073, 9173, 438, 8536, 425, 4523, 6613, 9916, 10485, 11249, 10763, 3480, 1325, 2535, 8328,
 9951, 5219, 6878, 10423, 7235, 3408, 9349, 12229, 10783, 3982, 4094, 9363, 5207, 4119, 3846, 5596, 365, 3017, 10595, 1721, 7559, 4167, 2593, 7326, 6921, 2900, 11345, 8257,
 6940, 2148, 2301, 9828, 10734, 3981, 2840, 9839, 12239, 11034, 11511, 7508, 1658, 2291, 9577, 3205, 567, 10545, 466, 6781, 11675, 4251, 9617, 4209, 6105, 11912, 6513, 7406,
 8929, 1687, 1790, 8062, 8190, 8945, 9462, 6463, 6151, 8151, 9195, 3448, 10353, 5478, 12150, 10029, 4719, 6617, 2643, 8581, 7699, 7681, 9687, 5966, 9652, 11232, 1734, 11572,
 10268, 9489, 3454, 5588, 2622, 6825, 5406, 7885, 7434, 7174, 648, 1518, 11066, 2483, 4565, 10125, 2213, 10077, 3466, 8347, 9199, 8464, 8449, 1928, 9068, 3947, 9360, 1445,
 5547, 364, 1763, 11071, 8753, 2185, 11832, 4505, 8619, 6195, 1882, 540, 1265, 1029, 21, 1756, 2293, 12085, 2253, 11081, 9004, 9714, 2957, 9089, 5703, 11653, 1241, 7800,
 11445, 10767, 8496, 11710, 11274, 5246, 3869, 9860, 1706, 1038, 11307, 9761, 450, 11295, 7002, 6162, 9656, 3959, 12119, 8022, 7186, 3407, 8095, 416, 5526, 10897, 11759, 11275,
 6500, 3393, 2828, 7080, 5662, 9395, 8468, 1176};
*/
/*
static const uint16_t omegas_12289_512[paramN] PROGMEM = {1, 2401, 1260, 2166, 2319, 1002, 9447, 9042, 7468, 1017, 8595, 3364, 3091, 11224, 11336, 9890, 3542, 354, 2013, 3636, 4846, 9852, 10616, 1630, 5728, 1537, 3637, 7247,
 11112, 493, 3949, 6730, 10984, 390, 2426, 12129, 9088, 7313, 9821, 9919, 11726, 27, 3382, 9442, 9326, 1168, 2476, 9289, 10643, 5012, 2881, 10863, 4805, 9723, 8112, 11136,
 8961, 9611, 9558, 5195, 12149, 7952, 7935, 3985, 7143, 7188, 4632, 12176, 11334, 5088, 1022, 8311, 9664, 1632, 10530, 4057, 7969, 11885, 827, 7098, 9744, 9377, 729, 5291,
 9154, 6022, 6958, 5407, 5023, 4714, 145, 4053, 10654, 6845, 4452, 10111, 5736, 8456, 1428, 12286, 5086, 8509, 5791, 5332, 9283, 8526, 9741, 2174, 9238, 11082, 2197, 3016,
 3195, 2859, 7197, 1663, 11227, 6250, 1381, 10040, 7311, 5019, 7399, 7394, 7678, 1378, 2837, 3531, 10810, 442, 4388, 3915, 11119, 5011, 480, 9603, 2639, 7404, 7110, 1689,
 12208, 2143, 8541, 8889, 8785, 4861, 9000, 4938, 9542, 3646, 4278, 10163, 7698, 242, 3459, 9984, 8034, 8193, 8993, 420, 722, 773, 334, 3149, 3014, 10682, 339, 2865,
 9314, 9223, 11934, 7875, 7393, 5277, 118, 671, 1212, 9808, 3284, 7635, 8736, 10102, 8705, 9405, 6512, 3704, 8357, 9509, 10436, 11854, 130, 4905, 4043, 11222, 6534, 7370,
 11499, 8005, 9, 9320, 11340, 7205, 8582, 9018, 11289, 7644, 5767, 9153, 3621, 5698, 3241, 2704, 3712, 2987, 7300, 3186, 5828, 8146, 6747, 2645, 9521, 2381, 2396, 1544,
 8155, 3778, 1696, 4437, 10963, 11414, 544, 3510, 9545, 10849, 8058, 4372, 2366, 3248, 7222, 243, 5860, 11244, 10200, 10512, 9995, 9867, 9764, 8241, 1351, 11744, 6378, 1484,
 11563, 1912, 6915, 476, 12288, 9888, 11029, 10123, 9970, 11287, 2842, 3247, 4821, 11272, 3694, 8925, 9198, 1065, 953, 2399, 8747, 11935, 10276, 8653, 7443, 2437, 1673, 10659,
 6561, 10752, 8652, 5042, 1177, 11796, 8340, 5559, 1305, 11899, 9863, 160, 3201, 4976, 2468, 2370, 563, 12262, 8907, 2847, 2963, 11121, 9813, 3000, 1646, 7277, 9408, 1426,
 7484, 2566, 4177, 1153, 3328, 2678, 2731, 7094, 140, 4337, 4354, 8304, 5146, 5101, 7657, 113, 955, 7201, 11267, 3978, 2625, 10657, 1759, 8232, 4320, 404, 11462, 5191,
 2545, 2912, 11560, 6998, 3135, 6267, 5331, 6882, 7266, 7575, 12144, 8236, 1635, 5444, 7837, 2178, 6553, 3833, 10861, 3, 7203, 3780, 6498, 6957, 3006, 3763, 2548, 10115,
 3051, 1207, 10092, 9273, 9094, 9430, 5092, 10626, 1062, 6039, 10908, 2249, 4978, 7270, 4890, 4895, 4611, 10911, 9452, 8758, 1479, 11847, 7901, 8374, 1170, 7278, 11809, 2686,
 9650, 4885, 5179, 10600, 81, 10146, 3748, 3400, 3504, 7428, 3289, 7351, 2747, 8643, 8011, 2126, 4591, 12047, 8830, 2305, 4255, 4096, 3296, 11869, 11567, 11516, 11955, 9140,
 9275, 1607, 11950, 9424, 2975, 3066, 355, 4414, 4896, 7012, 12171, 11618, 11077, 2481, 9005, 4654, 3553, 2187, 3584, 2884, 5777, 8585, 3932, 2780, 1853, 435, 12159, 7384,
 8246, 1067, 5755, 4919, 790, 4284, 12280, 2969, 949, 5084, 3707, 3271, 1000, 4645, 6522, 3136, 8668, 6591, 9048, 9585, 8577, 9302, 4989, 9103, 6461, 4143, 5542, 9644,
 2768, 9908, 9893, 10745, 4134, 8511, 10593, 7852, 1326, 875, 11745, 8779, 2744, 1440, 4231, 7917, 9923, 9041, 5067, 12046, 6429, 1045, 2089, 1777, 2294, 2422, 2525, 4048,
 10938, 545, 5911, 10805, 726, 10377, 5374, 11813};

static const uint16_t invomegas_12289_512[paramN] PROGMEM = {1, 11813, 5374, 10377, 726, 10805, 5911, 545, 10938, 4048, 2525, 2422, 2294, 1777, 2089, 1045, 6429, 12046, 5067, 9041, 9923, 7917, 4231, 1440, 2744, 8779, 11745, 875,
 1326, 7852, 10593, 8511, 4134, 10745, 9893, 9908, 2768, 9644, 5542, 4143, 6461, 9103, 4989, 9302, 8577, 9585, 9048, 6591, 8668, 3136, 6522, 4645, 1000, 3271, 3707, 5084,
 949, 2969, 12280, 4284, 790, 4919, 5755, 1067, 8246, 7384, 12159, 435, 1853, 2780, 3932, 8585, 5777, 2884, 3584, 2187, 3553, 4654, 9005, 2481, 11077, 11618, 12171, 7012,
 4896, 4414, 355, 3066, 2975, 9424, 11950, 1607, 9275, 9140, 11955, 11516, 11567, 11869, 3296, 4096, 4255, 2305, 8830, 12047, 4591, 2126, 8011, 8643, 2747, 7351, 3289, 7428,
 3504, 3400, 3748, 10146, 81, 10600, 5179, 4885, 9650, 2686, 11809, 7278, 1170, 8374, 7901, 11847, 1479, 8758, 9452, 10911, 4611, 4895, 4890, 7270, 4978, 2249, 10908, 6039,
 1062, 10626, 5092, 9430, 9094, 9273, 10092, 1207, 3051, 10115, 2548, 3763, 3006, 6957, 6498, 3780, 7203, 3, 10861, 3833, 6553, 2178, 7837, 5444, 1635, 8236, 12144, 7575,
 7266, 6882, 5331, 6267, 3135, 6998, 11560, 2912, 2545, 5191, 11462, 404, 4320, 8232, 1759, 10657, 2625, 3978, 11267, 7201, 955, 113, 7657, 5101, 5146, 8304, 4354, 4337,
 140, 7094, 2731, 2678, 3328, 1153, 4177, 2566, 7484, 1426, 9408, 7277, 1646, 3000, 9813, 11121, 2963, 2847, 8907, 12262, 563, 2370, 2468, 4976, 3201, 160, 9863, 11899,
 1305, 5559, 8340, 11796, 1177, 5042, 8652, 10752, 6561, 10659, 1673, 2437, 7443, 8653, 10276, 11935, 8747, 2399, 953, 1065, 9198, 8925, 3694, 11272, 4821, 3247, 2842, 11287,
 9970, 10123, 11029, 9888, 12288, 476, 6915, 1912, 11563, 1484, 6378, 11744, 1351, 8241, 9764, 9867, 9995, 10512, 10200, 11244, 5860, 243, 7222, 3248, 2366, 4372, 8058, 10849,
 9545, 3510, 544, 11414, 10963, 4437, 1696, 3778, 8155, 1544, 2396, 2381, 9521, 2645, 6747, 8146, 5828, 3186, 7300, 2987, 3712, 2704, 3241, 5698, 3621, 9153, 5767, 7644,
 11289, 9018, 8582, 7205, 11340, 9320, 9, 8005, 11499, 7370, 6534, 11222, 4043, 4905, 130, 11854, 10436, 9509, 8357, 3704, 6512, 9405, 8705, 10102, 8736, 7635, 3284, 9808,
 1212, 671, 118, 5277, 7393, 7875, 11934, 9223, 9314, 2865, 339, 10682, 3014, 3149, 334, 773, 722, 420, 8993, 8193, 8034, 9984, 3459, 242, 7698, 10163, 4278, 3646,
 9542, 4938, 9000, 4861, 8785, 8889, 8541, 2143, 12208, 1689, 7110, 7404, 2639, 9603, 480, 5011, 11119, 3915, 4388, 442, 10810, 3531, 2837, 1378, 7678, 7394, 7399, 5019,
 7311, 10040, 1381, 6250, 11227, 1663, 7197, 2859, 3195, 3016, 2197, 11082, 9238, 2174, 9741, 8526, 9283, 5332, 5791, 8509, 5086, 12286, 1428, 8456, 5736, 10111, 4452, 6845,
 10654, 4053, 145, 4714, 5023, 5407, 6958, 6022, 9154, 5291, 729, 9377, 9744, 7098, 827, 11885, 7969, 4057, 10530, 1632, 9664, 8311, 1022, 5088, 11334, 12176, 4632, 7188,
 7143, 3985, 7935, 7952, 12149, 5195, 9558, 9611, 8961, 11136, 8112, 9723, 4805, 10863, 2881, 5012, 10643, 9289, 2476, 1168, 9326, 9442, 3382, 27, 11726, 9919, 9821, 7313,
 9088, 12129, 2426, 390, 10984, 6730, 3949, 493, 11112, 7247, 3637, 1537, 5728, 1630, 10616, 9852, 4846, 3636, 2013, 354, 3542, 9890, 11336, 11224, 3091, 3364, 8595, 1017,
 7468, 9042, 9447, 1002, 2319, 2166, 1260, 2401};

static const uint16_t bitrev_omegas_12289_512[paramN/2] PROGMEM = {1, 10810, 7143, 4043, 10984, 722, 5736, 8155, 3542, 8785, 9744, 3621, 10643, 1212, 3195, 5860, 7468, 2639, 9664, 11340, 11726, 9314, 9283, 9545, 5728, 7698, 5023, 5828, 8961, 6512, 7311, 1351, 2319, 11119, 11334, 11499, 9088, 3014, 5086, 10963, 4846, 9542, 9154, 3712, 4805, 8736, 11227, 9995, 3091, 12208, 7969, 11289, 9326, 7393, 9238, 2366, 11112, 8034, 10654, 9521, 12149, 10436, 7678, 11563, 1260, 4388, 4632, 6534, 2426, 334, 1428, 1696, 2013, 9000, 729, 3241, 2881, 3284, 7197, 10200, 8595, 7110, 10530, 8582, 3382, 11934, 9741, 8058, 3637, 3459, 145, 6747, 9558, 8357, 7399, 6378, 9447, 480, 1022, 9, 9821, 339, 5791, 544, 10616, 4278, 6958, 7300, 8112, 8705, 1381, 9764, 11336, 8541, 827, 5767, 2476, 118, 2197, 7222, 3949, 8993, 4452, 2396, 7935, 130, 2837, 6915, 2401, 442, 7188, 11222, 390, 773, 8456, 3778, 354, 4861, 9377, 5698, 5012, 9808, 2859, 11244, 1017, 7404, 1632, 7205, 27, 9223, 8526, 10849, 1537, 242, 4714, 8146, 9611, 3704, 5019, 11744, 1002, 5011, 5088, 8005, 7313, 10682, 8509, 11414, 9852, 3646, 6022, 2987, 9723, 10102, 6250, 9867, 11224, 2143, 11885, 7644, 1168, 5277, 11082, 3248, 493, 8193, 6845, 2381, 7952, 11854, 1378, 1912, 2166, 3915, 12176, 7370, 12129, 3149, 12286, 4437, 3636, 4938, 5291, 2704, 10863, 7635, 1663, 10512, 3364, 1689, 4057, 9018, 9442, 7875, 2174, 4372, 7247, 9984, 4053, 2645, 5195, 9509, 7394, 1484, 9042, 9603, 8311, 9320, 9919, 2865, 5332, 3510, 1630, 10163, 5407, 3186, 11136, 9405, 10040, 8241, 9890, 8889, 7098, 9153, 9289, 671, 3016, 243, 6730, 420, 10111, 1544, 3985, 4905, 3531, 476};

static const uint16_t bitrev_invomegas_12289_512[paramN/2] PROGMEM = {1, 1479, 8246, 5146, 4134, 6553, 11567, 1305, 6429, 9094, 11077, 1646, 8668, 2545, 3504, 8747, 10938, 4978, 5777, 3328, 6461, 7266, 4591, 6561, 2744, 3006, 2975, 563, 949, 2625, 9650, 4821, 726, 4611, 1853, 140, 2768, 1635, 4255, 1177, 9923, 3051, 4896, 2963, 1000, 4320, 81, 9198, 2294, 1062, 3553, 7484, 8577, 3135, 2747, 7443, 1326, 7203, 9275, 3201, 790, 955, 1170, 9970, 5374, 9452, 12159, 4354, 9893, 7837, 3296, 8340, 5067, 10092, 12171, 9813, 6522, 11462, 3748, 953, 2525, 10908, 3584, 4177, 4989, 5331, 8011, 1673, 11745, 6498, 11950, 2468, 12280, 11267, 11809, 2842, 5911, 4890, 3932, 2731, 5542, 12144, 8830, 8652, 4231, 2548, 355, 8907, 3707, 1759, 5179, 3694, 2089, 5092, 9005, 9408, 9048, 11560, 3289, 10276, 10593, 10861, 11955, 9863, 5755, 7657, 7901, 11029, 11813, 8758, 7384, 8304, 10745, 2178, 11869, 5559, 12046, 9273, 11618, 3000, 3136, 5191, 3400, 2399, 4048, 2249, 2884, 1153, 9103, 6882, 2126, 10659, 8779, 6957, 9424, 2370, 2969, 3978, 2686, 3247, 10805, 4895, 2780, 7094, 9644, 8236, 2305, 5042, 7917, 10115, 4414, 2847, 3271, 8232, 10600, 8925, 1777, 10626, 4654, 1426, 9585, 6998, 7351, 8653, 7852, 3, 9140, 160, 4919, 113, 8374, 10123, 10377, 10911, 435, 4337, 9908, 5444, 4096, 11796, 9041, 1207, 7012, 11121, 4645, 404, 10146, 1065, 2422, 6039, 2187, 2566, 9302, 6267, 8643, 2437, 875, 3780, 1607, 4976, 4284, 7201, 7278, 11287, 545, 7270, 8585, 2678, 4143, 7575, 12047, 10752, 1440, 3763, 3066, 12262, 5084, 10657, 4885, 11272, 1045, 9430, 2481, 7277, 6591, 2912, 7428, 11935, 8511, 3833, 11516, 11899, 1067, 5101, 11847, 9888};
*/
static const uint16_t psibitrev_12289_512[paramN] PROGMEM = {1, 10810, 7143, 4043, 10984, 722, 5736, 8155, 3542, 8785, 9744, 3621, 10643, 1212, 3195, 5860, 7468, 2639, 9664, 11340, 11726, 9314, 9283, 9545, 5728, 7698, 5023, 5828, 8961, 6512, 7311, 1351, 2319, 11119, 11334, 11499, 9088, 3014, 5086, 10963, 4846, 9542, 9154, 3712, 4805, 8736, 11227, 9995, 3091, 12208, 7969, 11289, 9326, 7393, 9238, 2366, 11112, 8034, 10654, 9521, 12149, 10436, 7678, 11563, 1260, 4388, 4632, 6534, 2426, 334, 1428, 1696, 2013, 9000, 729, 3241, 2881, 3284, 7197, 10200, 8595, 7110, 10530, 8582, 3382, 11934, 9741, 8058, 3637, 3459, 145, 6747, 9558, 8357, 7399, 6378, 9447, 480, 1022, 9, 9821, 339, 5791, 544, 10616, 4278, 6958, 7300, 8112, 8705, 1381, 9764, 11336, 8541, 827, 5767, 2476, 118, 2197, 7222, 3949, 8993, 4452, 2396, 7935, 130, 2837, 6915, 2401, 442, 7188, 11222, 390, 773, 8456, 3778, 354, 4861, 9377, 5698, 5012, 9808, 2859, 11244, 1017, 7404, 1632, 7205, 27, 9223, 8526, 10849, 1537, 242, 4714, 8146, 9611, 3704, 5019, 11744, 1002, 5011, 5088, 8005, 7313, 10682, 8509, 11414, 9852, 3646, 6022, 2987, 9723, 10102, 6250, 9867, 11224, 2143, 11885, 7644, 1168, 5277, 11082, 3248, 493, 8193, 6845, 2381, 7952, 11854, 1378, 1912, 2166, 3915, 12176, 7370, 12129, 3149, 12286, 4437, 3636, 4938, 5291, 2704, 10863, 7635, 1663, 10512, 3364, 1689, 4057, 9018, 9442, 7875, 2174, 4372, 7247, 9984, 4053, 2645, 5195, 9509, 7394, 1484, 9042, 9603, 8311, 9320, 9919, 2865, 5332, 3510, 1630, 10163, 5407, 3186, 11136, 9405, 10040, 8241, 9890, 8889, 7098, 9153, 9289, 671, 3016, 243, 6730, 420, 10111, 1544, 3985, 4905, 3531, 476, 49, 1263, 5915, 1483, 9789, 10800, 10706, 6347, 1512, 350, 10474, 5383, 5369, 10232, 9087, 4493, 9551, 6421, 6554, 2655, 9280, 1693, 174, 723, 10314, 8532, 347, 2925, 8974, 11863, 1858, 4754, 3030, 4115, 2361, 10446, 2908, 218, 3434, 8760, 3963, 576, 6142, 9842, 1954, 10238, 9407, 10484, 3991, 8320, 9522, 156, 2281, 5876, 10258, 5333, 3772, 418, 5908, 11836, 5429, 7515, 7552, 1293, 295, 6099, 5766, 652, 8273, 4077, 8527, 9370, 325, 10885, 11143, 11341, 5990, 1159, 8561, 8240, 3329, 4298, 12121, 2692, 5961, 7183, 10327, 1594, 6167, 9734, 7105, 11089, 1360, 3956, 6170, 5297, 8210, 11231, 922, 441, 1958, 4322, 1112, 2078, 4046, 709, 9139, 1319, 4240, 8719, 6224, 11454, 2459, 683, 3656, 12225, 10723, 5782, 9341, 9786, 9166, 10542, 9235, 6803, 7856, 6370, 3834, 7032, 7048, 9369, 8120, 9162, 6821, 1010, 8807, 787, 5057, 4698, 4780, 8844, 12097, 1321, 4912, 10240, 677, 6415, 6234, 8953, 1323, 9523, 12237, 3174, 1579, 11858, 9784, 5906, 3957, 9450, 151, 10162, 12231, 12048, 3532, 11286, 1956, 7280, 11404, 6281, 3477, 6608, 142, 11184, 9445, 3438, 11314, 4212, 9260, 6695, 4782, 5886, 8076, 504, 2302, 11684, 11868, 8209, 3602, 6068, 8689, 3263, 6077, 7665, 7822, 7500, 6752, 4749, 4449, 6833, 12142, 8500, 6118, 8471, 1190, 9606, 3860, 5445, 7753, 11239, 5079, 9027, 2169, 11767, 7965, 4916, 8214, 5315, 11011, 9945, 1973, 6715, 8775, 11248, 5925, 11271, 654, 3565, 1702, 1987, 6760, 5206, 3199, 12233, 6136, 6427, 6874, 8646, 4948, 6152, 400, 10561, 5339, 5446, 3710, 6093, 468, 8301, 316, 11907, 10256, 8291, 3879, 1922, 10930, 6854, 973, 11035
};

static const uint16_t omegainvbitrev_12289_512[paramN] PROGMEM = {1, 1479, 8246, 5146, 4134, 6553, 11567, 1305, 6429, 9094, 11077, 1646, 8668, 2545, 3504, 8747, 10938, 4978, 5777, 3328, 6461, 7266, 4591, 6561, 2744, 3006, 2975, 563, 949, 2625, 9650, 4821, 726, 4611, 1853, 140, 2768, 1635, 4255, 1177, 9923, 3051, 4896, 2963, 1000, 4320, 81, 9198, 2294, 1062, 3553, 7484, 8577, 3135, 2747, 7443, 1326, 7203, 9275, 3201, 790, 955, 1170, 9970, 5374, 9452, 12159, 4354, 9893, 7837, 3296, 8340, 5067, 10092, 12171, 9813, 6522, 11462, 3748, 953, 2525, 10908, 3584, 4177, 4989, 5331, 8011, 1673, 11745, 6498, 11950, 2468, 12280, 11267, 11809, 2842, 5911, 4890, 3932, 2731, 5542, 12144, 8830, 8652, 4231, 2548, 355, 8907, 3707, 1759, 5179, 3694, 2089, 5092, 9005, 9408, 9048, 11560, 3289, 10276, 10593, 10861, 11955, 9863, 5755, 7657, 7901, 11029, 11813, 8758, 7384, 8304, 10745, 2178, 11869, 5559, 12046, 9273, 11618, 3000, 3136, 5191, 3400, 2399, 4048, 2249, 2884, 1153, 9103, 6882, 2126, 10659, 8779, 6957, 9424, 2370, 2969, 3978, 2686, 3247, 10805, 4895, 2780, 7094, 9644, 8236, 2305, 5042, 7917, 10115, 4414, 2847, 3271, 8232, 10600, 8925, 1777, 10626, 4654, 1426, 9585, 6998, 7351, 8653, 7852, 3, 9140, 160, 4919, 113, 8374, 10123, 10377, 10911, 435, 4337, 9908, 5444, 4096, 11796, 9041, 1207, 7012, 11121, 4645, 404, 10146, 1065, 2422, 6039, 2187, 2566, 9302, 6267, 8643, 2437, 875, 3780, 1607, 4976, 4284, 7201, 7278, 11287, 545, 7270, 8585, 2678, 4143, 7575, 12047, 10752, 1440, 3763, 3066, 12262, 5084, 10657, 4885, 11272, 1045, 9430, 2481, 7277, 6591, 2912, 7428, 11935, 8511, 3833, 11516, 11899, 1067, 5101, 11847, 9888, 1254, 11316, 5435, 1359, 10367, 8410, 3998, 2033, 382, 11973, 3988, 11821, 6196, 8579, 6843, 6950, 1728, 11889, 6137, 7341, 3643, 5415, 5862, 6153, 56, 9090, 7083, 5529, 10302, 10587, 8724, 11635, 1018, 6364, 1041, 3514, 5574, 10316, 2344, 1278, 6974, 4075, 7373, 4324, 522, 10120, 3262, 7210, 1050, 4536, 6844, 8429, 2683, 11099, 3818, 6171, 3789, 147, 5456, 7840, 7540, 5537, 4789, 4467, 4624, 6212, 9026, 3600, 6221, 8687, 4080, 421, 605, 9987, 11785, 4213, 6403, 7507, 5594, 3029, 8077, 975, 8851, 2844, 1105, 12147, 5681, 8812, 6008, 885, 5009, 10333, 1003, 8757, 241, 58, 2127, 12138, 2839, 8332, 6383, 2505, 431, 10710, 9115, 52, 2766, 10966, 3336, 6055, 5874, 11612, 2049, 7377, 10968, 192, 3445, 7509, 7591, 7232, 11502, 3482, 11279, 5468, 3127, 4169, 2920, 5241, 5257, 8455, 5919, 4433, 5486, 3054, 1747, 3123, 2503, 2948, 6507, 1566, 64, 8633, 11606, 9830, 835, 6065, 3570, 8049, 10970, 3150, 11580, 8243, 10211, 11177, 7967, 10331, 11848, 11367, 1058, 4079, 6992, 6119, 8333, 10929, 1200, 5184, 2555, 6122, 10695, 1962, 5106, 6328, 9597, 168, 7991, 8960, 4049, 3728, 11130, 6299, 948, 1146, 1404, 11964, 2919, 3762, 8212, 4016, 11637, 6523, 6190, 11994, 10996, 4737, 4774, 6860, 453, 6381, 11871, 8517, 6956, 2031, 6413, 10008, 12133, 2767, 3969, 8298, 1805, 2882, 2051, 10335, 2447, 6147, 11713, 8326, 3529, 8855, 12071, 9381, 1843, 9928, 8174, 9259, 7535, 10431, 426, 3315, 9364, 11942, 3757, 1975, 11566, 12115, 10596, 3009, 9634, 5735, 5868, 2738, 7796, 3202, 2057, 6920, 6906, 1815, 11939, 10777, 5942, 1583, 1489, 2500, 10806, 6374, 11026, 12240
};

static const uint16_t omegamultiples_12289_512[16] PROGMEM = {0, 10810, 9331, 7852, 6373, 4894, 3415, 1936, 457, 11267, 9788, 8309, 6830, 5351, 3872, 2393};
#endif
